7.5 50.03333333 184 196 1
8.33 49.25 183 193 3
8.4 45.23333333 179 200 5
8.4 48.01666667 178 193 10
8.4 47.38333333 175 196 13
6.3 34.95 169 192 15
8.4 46.61666667 182 197 17
8.4 48.18333333 169 184 20
8.4 49.56666667 172 191 23
8.4 47.18333333 172 192 25
8.4 49.53333333 162 185 27
8.4 49.91666667 171 193 30
8.4 52.05 171 196 32
8.4 51.1 161 191 34
8.4 48.20 172 197 37
8.4 50.91666667 172 199 39
8.4 47.63333333 169 193 41
7.5 45.5 174 189 43
8.4 48.4 173 194 46
8.33 52.05 169 190 48
8.4 46.83333333 175 194 54
6.3 39.51666667 166 177 56
8.4 47.3 170 194 57
8.4 48.9 176 200 59
8.4 49.95 179 194 62
8.4 49.8 177 191 66
8.4 47.53333333 167 190 69
8.4 47.23333333 175 191 72
8.4 45.18333333 181 195 74
8.4 45.63333333 177 190 77
8.4 47.88333333 173 189 79
8.4 48.95 165 190 81
8.4 48.88333333 167 191 82
8.4 48.76666667 164 187 83
8.4 48.3 167 192 90