5.3 1 1
5.3 10 2
5.3 17 3
5.3 23 4
5.3 31 5
5.3 38 6
5.3 46 7
5.3 59 8
5.3 66 9
5.3 73 10
5.3 80 11
5.3 84 12
5.3 94 13
5.3 101 14
5.3 108 15
5.3 115 16
5.3 118 17
5.3 122 18
5.3 125 19
5.3 132 20
5.3 136 21
5.3 139 22
5.3 143 23
5.3 146 24
5.3 149 25
5.3 153 26
5.3 155 27
5.3 157 28
5.3 159 29
5.3 161 30
5.3 164 31
5.3 166 32
5.3 168 33
5.3 171 34
5.3 173 35
5.555 175 36
5.3 178 37
5.3 180 38
5.3 182 39
5.555 185 40
5.3 185 41
5.555 189 42
5.3 192 43
5.3 194 44
5.3 197 45
5.3 199 46
5.3 201 47
5.3 203 48
5.3 205 49
5.3 207 50
5.3 209 51
5.3 211 52
5.3 213 53
5.3 215 54
5.3 217 55
5.3 219 56
5.3 221 57
5.3 223 58
5.3 225 59
5.3 227 60
5.3 229 61
5.3 231 62
5.3 233 63
5.3 235 64
5.3 237 65
5.3 239 66
5.3 241 67
7.2 244 68
8.4 246 69
8.4 248 70
6 249 71
7.1 251 72
7.2 253 73
10.8 255 74
8.4 257 75
7.2 259 76
8.3 262 77
8.3 264 78
8.3 266 79
6 267 80