704 30.2916 7 250 547 187 161
709 31.375 , 254 545 182 161
702 1.3472 8 249 548 188 161
710 2.3055 , 253 545 185 161
700 3.3472 , 248 549 188 161
699 4.3055 , 248 549 189 161
702 5.458 , 249 548 188 161
700 6.3472 , 248 549 188 161
707 7.3055 , 252 546 186 161
697 8.40625 , 247 550 189 162
697 9.3472 , 247 550 189 162
697 10.458 , 247 550 189 162
709 11.40625 , 253 546 186 161
703 12.5 , 250 548 187 161
707 13.3923 , 252 546 186 161
707 14.3923 , 252 546 186 161
699 15.40625 , 248 549 189 161
711 16.3055 ,  254 545 185 161
704 17.458 ,  250 547 187 161
706 18.40625 , 251 547 187 161
706 19.458 , 251 547 187 161
707 20.40 , 252 546 186 161
707 21.2916 , 252 546 186 161
705 22.35 , 251 547 187 161
704 23.35 , 250 547 187 161
701 24.39 , 249 549 188 161
695 25.406 , 246 551 190 162



