715 1 1
712 2 ,
717 3 ,
722 4 ,
712 5 ,
711 6 ,
708 7 ,
714 8 ,
716 9 ,
726 10 ,
721 11 ,
713 12 ,
716 13 ,
711 14 ,
717 15 ,
713 16 ,
721 17 ,
717 18 ,
718 19 ,
713 20 ,
718 21 ,
713 22 ,
717 23 ,
724 24 ,
724 25 ,
723 26 ,
713 27 ,
717 28 ,
720 29 ,
720 30 ,
719 31 ,
713 1 2
716 2 ,
716 3 ,
712 4 ,
712 5 ,
712 6 ,
718 7 ,
718 8 ,
712 9 ,
718 10 ,
714 11 ,
718 12 ,
717 13 ,
718 14 ,
724 15 ,
723 16 ,
719 17 ,
725 18 ,
712 19 ,
718 20 ,
722 21 ,
722 22 ,
723 23 ,
718 24 ,
714 25 ,
715 26 ,
711 27 ,
714 28 ,
719 1 3
719 2 ,
714 3 ,
716 4 ,
720 5 ,
720 6 ,
728 7 ,
726 8 ,
717 9 ,
722 10 ,
723 11 ,
718 12 ,
723 13 ,
720 14 ,
725 15 ,
722 16 ,
726 17 ,
720 18 ,
728 19 ,
728 20 ,
734 21 ,
742 22 ,
732 23 ,
742 24 ,
742 25 ,
731 26 ,
732 27 ,
734 31 ,
737 1 4
740 2 ,
741 3 ,
742 4 ,
748 5 ,
751 6 ,
751 7 ,
744 8 ,
749 9 ,
744 10 ,
745 11 ,
747 12 ,
748 13 ,
755 14 ,
755 15 ,
754 16 ,
763 17 ,
758 18 ,
756 19 ,
757 20 ,
759 21 ,
753 22 ,
754 23 ,
760 24 ,
764 25 ,
759 26 ,
759 27 ,
754 28 ,
746 29 ,
749 30 ,
760 1 5	
763 2 ,
768 3 ,
771 4 ,
770 5 ,
758 6 ,
765 7 ,
766 8 ,
765 9 ,
764 10 ,
757 11 ,
760 12 ,
757 13 ,
756 14 ,
757 15 ,
757 16 ,
763 17 ,
760 18 ,
753 19 ,
758 20 ,
748 21 ,
748 22 ,
755 23 ,
749 24 ,
741 25 ,
743 26 ,
741 27 ,
743 28 ,
747 29 ,
741 30 ,
750 31 ,
742 1 6
735 2 ,
742 3 ,
754 4 ,
742 5 ,
743 6 ,
741 10 ,
736 11.4 ,
752 12.07 ,
742 12.368 ,
751 13.353 ,
748 14.291 ,
744 15.458 ,
744 16.458 ,