70.9 153
71.5 154
71.7 155
71.7 156
71.2 158
71.8 159
71.4 160
70.8 161
70.8 162
70.5 163
71.4 164
70.9 165
71.2 166
71.2 167
70.9 168
71.4 169
70.2 170
71.0 171
71.3 172
71.0 173
71.4 174
70.8 175
71.3 176
70.2 177
70.9 178
71.5 179
70.5 180
71.7 181
70.7 182
71.3 183
70.3 184
70.3 185
70.7 186
70.8 187
70.1 188
70.1 189
70.5 190
70.4 191
70.1 192
70.1 193
71.0 194
70.0 195
70.5 196
71.2 197
70.8 198
70.1 199
70.1 200
69.9 201
70.4 202
70.1 203
69.6 204
69.9 205
69.5 206
69.5 207
69.5 208
69.5 209
69.4 210
69.8 211
69.4 212
68.8 213
69.5 214
69.8 215
69.5 216
68.7 217
69.1 218
69.4 219
69.3 220
69.5 221
70.1 222
69.6 223
69.5 224
69.4 225
68.7 226
69.3 227
69.6 228
69.4 229
68.5 230
68.6 231
68.3 232
69.2 233
69.7 234
69.3 235
69.0 236
68.9 237
69.2 238
69.0 239
68.9 240
68.6 241
68.5 242
69.2 243
68.4 244
68.5 245
68.3 246
67.7 247
68.5 248
68.7 249
68.9 250
68.7 251
69.0 252
69.3 253
69.1 254
69.5 255
69.3 256
69.0 257
68.9 258
68.9 259
68.4 260
68.4 261
68.1 262
68.7 263
68.6 264
68.5 265
68.2 266
68.9 267
68.3 268
68.5 269
67.9 270
68.1 271
69.4 272
68.4 273
67.9 274
68.1 275
68.3 276
68.8 277
69.1 278
69.7 279
68.0 280
68.0 281
68.4 282
68.3 283
69.0 284
68.4 285
68.3 286
68.4 287
68.1 288
67.9 289
68.4 290
68.1 291
69.1 292
69.6 293
68.8 294
68.3 295
68.3 296
68.7 297
68.7 298
68.7 299
68.8 300
68.6 301
68.1 302
67.7 303
67.7 304
67.7 305
68.6 306
68.6 307
68.3 308
68.5 309
68.7 310
68.1 311
67.5 312
68.3 313
68.7 314
68.5 315
67.8 316
67.5 317
68.5 318
68.4 319
68.6 320
69.4 321
68.4 322
68.2 323
68.3 324
68.9 325
68.9 326
69.6 327
70.4 328
69.1 329
69.4 330
68.2 331
69.2 332
69.5 333
69.5 334
69.5 335
69.4 336
69.0 337
69.3 338
69.7 339
69.0 340
69.7 341
70.2 342
69.9 343
68.7 344
69.7 345
69.7 346
70.2 347