31.166 1
31.066 2
29.433 3
29.883 4
32.033 5
29.150 6
28.650 7
31.283 9
29.033 10
29.8 11
29.9666666667 12
28.9 13
30.5666666667 14
29.1666666667 15
28.7333333333 16
28.8833333333 17
27.3 17.3
28.8166666667 18
28.4166666667 18.3
28.2 19.3
27.6166666667 20
28.0166666667 20.3
28.4333333333 21
27.9833333333 21.3
27.26666667 22
28.75 22.3
28.35  22.6
28.46666667 23
28.03333333 23.3
27.66666667 23.5
28.17 24
27.15 24.3
27.85 24.5
28 25
26.73333333 25.3
28.45 26
27.98333333 26.3
28.33333333 26.5
26.53333333 27
27.8 28
27.36666667 28.3
27.03333333 28.6
27.66666667 29
25.9 29.28
27.21666667 29.57
27.41666667 29.85
26.55 30.14
26.53333333 30.42
26.36666667 30.71
27.55 31
27.43333333 31.28
26.55 31.57
28.05 31.85
27.43333333 32.14
26.65 32.42
27.58333333 32.71
26.61666667 33
26.16666667 33.28